advanced_main.py
loss=0.035812647125429066
acc=0.9742063283920288