main.py
loss=0.09649862569570541
acc=0.9171627163887024